  0   32 129   LDA 129	
  2   96       NOT	
  3   48 132   ADD 132	
  5   48 128   ADD 128	
  7  144  30   JN  30	
  9   32 130   LDA 130	
 11   96       NOT	
 12   48 132   ADD 132	
 14   48 128   ADD 128	
 16  144  24   JN  24
 18  128 128   JMP 128
 20   16 131   STA 131
 22  128  43   JMP 43
 24   32 130   LDA 130
 26   16 131   STA 131
 28  128  43   JMP 43
 30   32 130   LDA 130
 32   96       NOT
 33   48 132   ADD 132
 35   48 129   ADD 129
 37  144  24   JN  24
 39   32 129   LDA 129
 41   16 131   STA 131
 43  240       HLT
 44    0       NOP

128   10      
129   20      
130   30      
131    0      
132    1      
133    0      
